nb_reader,nb_writer,nb threads,Mesure i,time
1,1,2,1,0.15
1,1,2,2,0.15
1,1,2,3,0.13
1,1,2,4,0.17
1,1,2,5,0.14
2,2,4,1,0.14
2,2,4,2,0.12
2,2,4,3,0.08
2,2,4,4,0.09
2,2,4,5,0.10
4,4,8,1,0.05
4,4,8,2,0.09
4,4,8,3,0.05
4,4,8,4,0.06
4,4,8,5,0.06
8,8,16,1,0.07
8,8,16,2,0.05
8,8,16,3,0.06
8,8,16,4,0.06
8,8,16,5,0.07
16,16,32,1,0.07
16,16,32,2,0.07
16,16,32,3,0.09
16,16,32,4,0.08
16,16,32,5,0.07
32,32,64,1,0.05
32,32,64,2,0.08
32,32,64,3,0.05
32,32,64,4,0.05
32,32,64,5,0.06
